171
632
231
1838
1746
854
955
3689
4707
4124
4086
2737
1872
1457
1053
2620
2997
2271
1611
207
492
96
664
4519
3451
4551
4470
3483
3825
3050
3085
964
1809
1371
4135
4029
4342
4231
527
4050
2396
2233
2267
2984
3052
3099
3003
2095
2279
3832
3879
319
535
4941
630
824
4920
861
1199
1446
467
289
1439
1573
1888
1724
4586
4306
3432
4289
4120
1782
852
743
1927
3117
3156
4419
4153
3951
2652
3022
660
631
255
4958
113
2087
3330
2790
4567
76
327
245
225
1571
1548
4898
3903
3724
3543
4042
3937
4604
2421
4842
2498
2147
3249
2835
2722
3072
3065
3081
3231
3412
4143
4168
3492
108
584
1700
1375
693
3777
2167
2014
2642
2604
2334
1497
3744
3718
4221
3428
3061
803
209
1365
484
234
251
133
1418
1863
1139
1046
1597
1330
897
4984
4530
3068
2757
3515
2018
1995
2106
2495
4276
483
1979
1545
797
1372
789
1812
4414
2738
3964
4146
2281
2194
1131
721
676
1196
2204
4863
2843
3055
3672
4749
1474
681
1170
883
1868
4880
3954
3312
3198
2803
4826
3114
1756
176
1582
1744
4340
3354
4073
184
2171
2658
4818
2590
1400
507
58
1315
1116
748
581
662
1879
1638
1585
3303
2285
2821
2283
2721
3985
3489
3505
4113
4230
4446
4535
4996
3469
937
747
3340
1188
2282
1228
2083
2322
351
2705
998
2340
3594
4461
4477
1432
244
2358
2013
4715
2235
673
2995
3799
1369
3965
4997
98
4314
4018
1698
62
4566
3806
493
1559
432
3874
843
1731
3392
3810
1360
2189
3384
2681
2667
296
591
4963
3802
274
1910
4869
4673
1030
1007
335
364
1226
2063
1668
1761
3836
2164
2704
1314
3767
59
1069
1410
1860
2797
445
4757
3234
3191
4032
3063
149
2788
2431
3743
2029
4856
4273
3178
2699
1077
1491
2581
4671
140
1732
791
2218
1180
433
474
4859
2700
253
4952
395
2195
2243
4304
1137
558
698
2313
1047
2654
4797
4420
2222
2825
1177
2221
3953
4345
331
685
1938
967
1903
4495
3583
4371
4915
4802
2244
132
2155
1754
4207
4654
3499
719
1163
4409
4933
812
2569
724
2207
57
2089
669
3593
4620
700
4043
4726
2939
3164
3650
3176
4970
336
2537
2888
2442
324
1225
3763
3957
2416
3731
3606
1499
3023
3425
479
160
957
4249
3720
1623
3292
4830
73
3839
4305
2748
741
1011
4179
4877
4145
1649
440
4147
3682
2994
382
4585
2406
2405
3192
3701
4786
540
293
1304
1012
1207
88
871
1105
3722
2096
4549
2390
4353
3989
1651
901
859
2622
3423
4148
4922
3803
3360
758
2260
3450
3315
4875
1892
1898
2499
707
4821
4492
1460
3785
2410
4423
1260
428
3165
2907
2905
3637
3514
236
4248
978
2895
2107
1013
1299
2903
1244
12
2671
4592
1450
2129
2755
4443
683
2618
3859
4720
84
4331
2635
4899
2723
1947
4381
2116
2886
2177
4651
4088
2070
1471
1466
1463
642
563
4301
1240
3193
3818
4401
2472
4047
674
995
3138
3817
3894
488
2131
4203
2559
3502
3053
4430
3509
4674
2735
3447
2792
1361
4068
4755
3780
2822
3347
281
4354
2084
4109
3866
1288
2656
1020
2983
3789
1415
1391
1703
3902
2331
2026
4484
4039
3402
844
2161
4801
903
4126
3864
1197
1615
3146
3407
3345
1444
548
1482
4121
988
2468
1569
385
381
614
2291
2902
2401
256
2389
4967
2438
4713
3555
2716
2624
418
3418
3527
542
4718
556
252
2574
830
3885
4776
1818
1758
4692
46
600
3931
322
659
1862
258
530
1151
3567
2524
485
4072
4102
1709
734
4214
1755
4197
1722
4475
1543
3009
1025
2859
2452
3201
3139
618
604
1233
2641
2725
89
2337
2378
3282
4264
1925
1092
2423
3778
1983
246
2412
1435
3355
1565
561
1539
4369
4814
420
3026
3116
3078
4666
3426
1745
807
2826
3468
2174
3037
4131
1149
1718
850
2837
2394
3947
3240
1899
2261
800
188
934
330
2702
2316
1194
1948
3920
2944
1749
102
3367
1826
3321
4780
1498
868
1969
2353
1100
2496
2292
2949
3422
1256
451
1672
2132
2135
777
4785
1598
2109
1447
3362
4896
1829
1674
4928
1908
3808
4557
325
1985
298
1021
368
679
4938
2101
3153
3472
81
1496
1996
224
3092
2484
712
2865
1278
3579
2039
3279
1980
60
4373
1544
1384
2783
3429
2960
2043
4854
1212
1512
4226
567
2965
1690
2369
1791
2598
142
1385
815
1354
71
4740
2585
2718
2621
2719
469
3047
3830
1740
3399
2561
1586
1265
1061
4630
2120
3814
3582
1241
1010
2956
1280
1975
3614
4584
1324
4976
4326
358
4978
2045
455
3057
4846
2140
536
2532
2785
4064
249
1176
505
3241
1518
287
606
2391
588
2870
625
419
2608
3878
2911
1192
2732
1072
2731
913
4447
3088
1132
3652
1933
387
2338
3766
4986
99
686
3152
2220
827
4265
677
4359
3598
3813
1272
1764
4220
4727
4631
3880
2565
2241
135
119
4309
3729
386
4236
3277
1897
532
553
4370
831
3546
3394
808
1743
2541
196
1760
1572
2549
3893
3671
4648
1704
4439
4471
3856
3465
1187
4608
1541
1737
1591
3128
3726
2765
1283
4349
1120
3194
602
3888
648
4255
1891
4350
3112
524
278
3444
3833
4611
1476
1218
3481
4542
1093
23
2567
2617
555
1577
4617
4904
2958
1316
528
1417
4734
4243
1730
2813
738
784
1785
2123
41
4110
4669
3873
3586
2631
442
311
1014
1374
103
2349
4714
3941
2982
2521
962
4233
694
554
3027
1402
2047
592
4136
1576
4893
1786
2462
2471
4070
1338
4097
1992
566
1637
3478
2694
1325
1081
3491
4664
1129
282
2449
2379
1130
2258
4606
2799
4901
1706
257
2530
926
2534
2198
3168
3106
1409
611
1146
