483
3866
4674
3003
3176
2456
289
4755
103
81
747
4235
801
1615
246
1877
700
1709
593
1790
1962
2468
3347
3279
2735
2792
527
4050
2791
3270
797
2095
2723
2261
2765
4760
2780
3451
2486
3832
176
3996
1410
2944
385
831
1734
4121
851
630
469
2194
2598
1753
4088
1569
2685
421
4842
3864
96
3693
2865
4042
1342
2034
748
281
3985
1345
679
2726
1692
3546
4726
1980
1240
41
255
901
434
1132
4743
4477
4032
368
2129
140
1970
2994
3597
1518
2233
2465
2026
4248
4545
84
978
3703
419
1622
321
3320
4566
4723
4145
4131
4535
2371
535
1758
4958
135
4220
4192
3656
4920
2122
3626
4289
2788
428
1212
3986
3361
766
3330
1844
1314
1306
4846
2660
57
4253
75
4404
442
3205
3538
3857
953
3573
3123
1730
2444
3153
875
2207
4423
1947
1884
1152
420
3354
2421
1755
4797
4798
4203
812
3831
4018
60
359
2164
147
2485
2109
2798
1138
4663
1860
4039
750
4394
1288
4892
1163
239
3954
3050
1626
2870
4906
1176
1100
1331
3417
263
1949
1447
1555
2618
1349
231
2462
3789
4156
3438
2569
361
1278
1417
2503
604
381
1702
4792
2394
2107
80
426
4883
1826
4896
4926
683
2402
61
620
1606
2997
2483
2658
2794
693
3116
4833
3065
3422
3774
3505
3243
360
3240
2513
1544
871
4608
3444
2835
1584
1897
2620
115
336
2298
1979
225
4419
504
1466
193
4860
1991
88
4585
1985
4159
4354
4553
625
2574
3903
3284
2005
2705
1571
4818
1816
1782
373
3951
1537
3220
1742
1289
3514
4273
2498
2980
4457
4214
3650
2281
4207
2652
2821
2815
3710
4367
490
1244
3037
3977
1131
1690
485
1233
113
2023
1407
3038
3152
743
3345
313
119
2984
319
575
3249
3777
2120
3032
1927
252
854
707
4807
2257
1921
3481
330
3432
4373
178
4371
1545
221
3009
2907
3935
2912
3055
2604
4097
3440
292
3112
621
3429
1020
3022
1188
4513
4922
2003
1376
2971
271
3472
4929
4349
570
964
1414
4554
2087
3543
4347
265
351
815
1272
2284
3165
807
1085
601
3747
1736
2294
631
3164
2420
1120
1300
3686
2260
207
659
1482
662
1668
2283
1007
62
1623
2447
2965
3844
3874
741
1718
2075
1094
512
2471
4869
2883
4365
726
3288
3906
1570
4305
1248
2147
661
3767
2138
2700
3813
3975
1371
1591
698
1992
2115
1069
2322
4745
492
3763
4548
4484
2344
4430
3524
3384
22
3122
3776
3469
2559
3672
2182
3671
4908
2171
640
2684
3698
4933
962
4047
3833
283
4871
2493
4070
4445
82
2600
1764
2086
1090
2857
2859
1457
2385
653
4360
4279
4264
1732
1446
196
973
1552
1534
1304
777
3948
2656
2116
3615
4163
2529
3594
664
2291
1971
4721
3539
2542
3234
2903
4153
3222
3570
3931
1228
1072
1091
3441
3407
3431
4359
237
109
4144
4143
859
882
1935
2707
993
2910
3527
4785
1910
1982
785
1025
104
1916
2983
2167
1369
4079
2279
2785
243
2587
2271
236
2612
2443
4147
4718
4501
4901
2495
3360
3351
3846
3888
101
2165
1361
3579
4949
2985
1197
3516
1408
1461
2853
3687
418
1309
762
1068
2367
2921
584
3790
2928
3810
2243
2369
4446
3780
1802
4974
1812
4837
245
2712
667
2268
1295
1165
1285
2537
1075
2749
2566
2557
3930
3614
1491
592
4434
2702
4146
1490
3766
432
4893
2090
1974
673
452
2104
1976
2174
2018
2009
1977
190
2273
2631
1358
2982
3487
2943
2825
556
2822
1324
1529
3076
4854
1589
1576
3720
3808
1838
1817
844
131
4315
3139
2544
614
3912
4179
3964
4109
889
3517
803
4255
4030
3989
3447
4068
1372
2390
4454
3163
1869
1381
3013
1900
1404
1597
2671
1217
4652
1456
455
4751
4993
205
632
4440
1325
618
2616
1539
1256
1512
1506
2640
2389
3608
2135
4013
4990
2054
25
1061
2089
4491
4951
669
791
3851
4096
3625
4552
4485
1460
1469
1476
1386
1426
1400
920
3685
4858
36
4952
3945
2186
1896
4870
1775
2721
3825
1749
143
1689
3689
1559
1063
2014
3191
3115
3367
3113
1177
1283
3544
2905
4388
3684
3363
4197
2595
1415
2301
2287
1279
4399
671
1276
2391
3744
3812
850
4215
2470
493
2790
2484
4611
4403
2520
1868
326
524
2704
3231
2022
724
4986
1995
4277
2039
1365
3149
4942
4522
2565
3352
1874
1035
677
3701
68
4029
3796
1741
153
2738
3937
2803
2423
12
4988
4882
4130
1745
331
4940
4794
1185
1920
394
3190
4398
4110
4176
3465
2876
1792
2895
3724
2628
222
3423
3761
800
4967
2079
445
4381
4919
433
98
4141
1818
2331
4829
4092
1134
1706
264
3244
3679
577
1484
1488
3602
3616
567
3114
574
1021
2843
4465
3372
3865
3336
3822
73
200
2526
3041
3151
478
3147
2424
2560
1550
4228
1805
287
4479
171
1493
2908
2939
2554
2416
940
1357
1587
3450
4104
4374
2648
647
2121
942
3193
1262
2613
1391
587
333
4409
2590
3921
4400
1791
4230
2388
1135
1097
1350
3535
1006
1829
4537
4076
2292
2933
1863
4480
327
1872
3080
2961
1053
1164
4226
3818
1477
186
291
1129
2750
3184
3807
1511
596
4722
274
4259
2223
2396
270
334
3209
2957
1047
1374
1983
4414
3081
2031
4631
4640
367
2
1235
1649
3785
4093
1253
126
852
2833
1760
2950
4984
1167
108
187
2201
4046
4856
1607
4191
3272
3484
4757
946
4353
3294
1226
719
4801
4135
184
1329
3503
3630
33
1260
2722
1208
3584
1252
899
3085
3331
3393
2731
1009
2300
3765
3292
2521
1672
2916
1014
2203
2651
3858
2342
2619
3554
1243
1305
2439
872
2499
1016
617
4851
4298
384
532
555
4691
4405
58
4941
4978
312
3201
4481
