0 0
1 4999
2 4998
3 4997
4 4996
5 4995
6 4994
7 4993
8 16
9 17
10 18
11 19
12 20
13 21
14 22
15 23
16 24
17 25
18 26
19 27
20 28
21 29
22 30
23 31
24 4960
25 4961
26 4962
27 4963
28 4964
29 4965
30 4966
31 4967
32 4968
33 4969
34 4970
35 4971
36 4972
37 4973
38 4974
39 4975
40 4944
41 4945
42 4946
43 4947
44 4948
45 4949
46 4950
47 4951
48 4952
49 4953
50 4954
51 4955
52 4956
53 4957
54 4958
55 4959
56 4928
57 4929
58 4930
59 4931
60 4932
61 4933
62 4934
63 4935
64 4936
65 4937
66 4938
67 4939
68 4940
69 4941
70 4942
71 4943
72 4912
73 4913
74 4914
75 4915
76 4916
77 4917
78 4918
79 4919
80 4920
81 4921
82 4922
83 4923
84 4924
85 4925
86 4926
87 4927
88 4896
89 4897
90 4898
91 4899
92 4900
93 4901
94 4902
95 4903
96 4904
97 4905
98 4906
99 4907
100 4908
101 4909
102 4910
103 4911
104 4880
105 4881
106 4882
107 4883
108 4884
109 4885
110 4886
111 4887
112 4888
113 4889
114 4890
115 4891
116 4892
117 4893
118 4894
119 4895
120 4864
121 4865
122 4866
123 4867
124 4868
125 4869
126 4870
127 4871
128 4872
129 4873
130 4874
131 4875
132 4876
133 4877
134 4878
135 4879
136 4848
137 4849
138 4850
139 4851
140 4852
141 4853
142 4854
143 4855
144 4856
145 4857
146 4858
147 4859
148 4860
149 4861
150 4862
151 4863
152 4832
153 4833
154 4834
155 4835
156 4836
157 4837
158 4838
159 4839
160 4840
161 4841
162 4842
163 4843
164 4844
165 4845
166 4846
167 4847
168 4816
169 4817
170 4818
171 4819
172 4820
173 4821
174 4822
175 4823
176 4824
177 4825
178 4826
179 4827
180 4828
181 4829
182 4830
183 4831
184 4800
185 4801
186 4802
187 4803
188 4804
189 4805
190 4806
191 4807
192 4808
193 4809
194 4810
195 4811
196 4812
197 4813
198 4814
199 4815
200 4784
201 4785
202 4786
203 4787
204 4788
205 4789
206 4790
207 4791
208 4792
209 4793
210 4794
211 4795
212 4796
213 4797
214 4798
215 4799
216 4768
217 4769
218 4770
219 4771
220 4772
221 4773
222 4774
223 4775
224 4776
225 4777
226 4778
227 4779
228 4780
229 4781
230 4782
231 4783
232 4752
233 4753
234 4754
235 4755
236 4756
237 4757
238 4758
239 4759
240 4760
241 4761
242 4762
243 4763
244 4764
245 4765
246 4766
247 4767
248 4736
249 4737
250 4738
251 4739
252 4740
253 4741
254 4742
255 4743
256 4744
257 4745
258 4746
259 4747
260 4748
261 4749
262 4750
263 4751
264 4720
265 4721
266 4722
267 4723
268 4724
269 4725
270 4726
271 4727
272 4728
273 4729
274 4730
275 4731
276 4732
277 4733
278 4734
279 4735
280 4704
281 4705
282 4706
283 4707
284 4708
285 4709
286 4710
287 4711
288 4712
289 4713
290 4714
291 4715
292 4716
293 4717
294 4718
295 4719
296 4688
297 4689
298 4690
299 4691
300 4692
301 4693
302 4694
303 4695
304 4696
305 4697
306 4698
307 4699
308 4700
309 4701
310 4702
311 4703
312 4672
313 4673
314 4674
315 4675
316 4676
317 4677
318 4678
319 4679
320 4680
321 4681
322 4682
323 4683
324 4684
325 4685
326 4686
327 4687
328 4656
329 4657
330 4658
331 4659
332 4660
333 4661
334 4662
335 4663
336 4664
337 4665
338 4666
339 4667
340 4668
341 4669
342 4670
343 4671
344 4640
345 4641
346 4642
347 4643
348 4644
349 4645
350 4646
351 4647
352 4648
353 4649
354 4650
355 4651
356 4652
357 4653
358 4654
359 4655
360 4624
361 4625
362 4626
363 4627
364 4628
365 4629
366 4630
367 4631
368 4632
369 4633
370 4634
371 4635
372 4636
373 4637
374 4638
375 4639
376 4608
377 4609
378 4610
379 4611
380 4612
381 4613
382 4614
383 4615
384 4616
385 4617
386 4618
387 4619
388 4620
389 4621
390 4622
391 4623
392 4592
393 4593
394 4594
395 4595
396 4596
397 4597
398 4598
399 4599
400 4600
401 4601
402 4602
403 4603
404 4604
405 4605
406 4606
407 4607
408 4576
409 4577
410 4578
411 4579
412 4580
413 4581
414 4582
415 4583
416 4584
417 4585
418 4586
419 4587
420 4588
421 4589
422 4590
423 4591
424 4560
425 4561
426 4562
427 4563
428 4564
429 4565
430 4566
431 4567
432 4568
433 4569
434 4570
435 4571
436 4572
437 4573
438 4574
439 4575
440 4544
441 4545
442 4546
443 4547
444 4548
445 4549
446 4550
447 4551
448 4552
449 4553
450 4554
451 4555
452 4556
453 4557
454 4558
455 4559
456 4528
457 4529
458 4530
459 4531
460 4532
461 4533
462 4534
463 4535
464 4536
465 4537
466 4538
467 4539
468 4540
469 4541
470 4542
471 4543
472 4512
473 4513
474 4514
475 4515
476 4516
477 4517
478 4518
479 4519
480 4520
481 4521
482 4522
483 4523
484 4524
485 4525
486 4526
487 4527
488 4496
489 4497
490 4498
491 4499
492 4500
493 4501
494 4502
495 4503
496 4504
497 4505
498 4506
499 4507
500 4508
501 4509
502 4510
503 4511
504 4480
505 4481
506 4482
507 4483
508 4484
509 4485
510 4486
511 4487
512 4488
513 4489
514 4490
515 4491
516 4492
517 4493
518 4494
519 4495
520 4464
521 4465
522 4466
523 4467
524 4468
525 4469
526 4470
527 4471
528 4472
529 4473
530 4474
531 4475
532 4476
533 4477
534 4478
535 4479
536 4448
537 4449
538 4450
539 4451
540 4452
541 4453
542 4454
543 4455
544 4456
545 4457
546 4458
547 4459
548 4460
549 4461
550 4462
551 4463
552 4432
553 4433
554 4434
555 4435
556 4436
557 4437
558 4438
559 4439
560 4440
561 4441
562 4442
563 4443
564 4444
565 4445
566 4446
567 4447
568 4416
569 4417
570 4418
571 4419
572 4420
573 4421
574 4422
575 4423
576 4424
577 4425
578 4426
579 4427
580 4428
581 4429
582 4430
583 4431
584 4400
585 4401
586 4402
587 4403
588 4404
589 4405
590 4406
591 4407
592 4408
593 4409
594 4410
595 4411
596 4412
597 4413
598 4414
599 4415
600 4384
601 4385
602 4386
603 4387
604 4388
605 4389
606 4390
607 4391
608 4392
609 4393
610 4394
611 4395
612 4396
613 4397
614 4398
615 4399
616 4368
617 4369
618 4370
619 4371
620 4372
621 4373
622 4374
623 4375
624 4376
625 4377
626 4378
627 4379
628 4380
629 4381
630 4382
631 4383
632 4352
633 4353
634 4354
635 4355
636 4356
637 4357
638 4358
639 4359
640 4360
641 4361
642 4362
643 4363
644 4364
645 4365
646 4366
647 4367
648 4336
649 4337
650 4338
651 4339
652 4340
653 4341
654 4342
655 4343
656 4344
657 4345
658 4346
659 4347
660 4348
661 4349
662 4350
663 4351
664 4320
665 4321
666 4322
667 4323
668 4324
669 4325
670 4326
671 4327
672 4328
673 4329
674 4330
675 4331
676 4332
677 4333
678 4334
679 4335
680 4304
681 4305
682 4306
683 4307
684 4308
685 4309
686 4310
687 4311
688 4312
689 4313
690 4314
691 4315
692 4316
693 4317
694 4318
695 4319
696 4288
697 4289
698 4290
699 4291
700 4292
701 4293
702 4294
703 4295
704 4296
705 4297
706 4298
707 4299
708 4300
709 4301
710 4302
711 4303
712 4272
713 4273
714 4274
715 4275
716 4276
717 4277
718 4278
719 4279
720 4280
721 4281
722 4282
723 4283
724 4284
725 4285
726 4286
727 4287
728 4256
729 4257
730 4258
731 4259
732 4260
733 4261
734 4262
735 4263
736 4264
737 4265
738 4266
739 4267
740 4268
741 4269
742 4270
743 4271
744 4240
745 4241
746 4242
747 4243
748 4244
749 4245
750 4246
751 4247
752 4248
753 4249
754 4250
755 4251
756 4252
757 4253
758 4254
759 4255
760 4224
761 4225
762 4226
763 4227
764 4228
765 4229
766 4230
767 4231
768 4232
769 4233
770 4234
771 4235
772 4236
773 4237
774 4238
775 4239
776 4208
777 4209
778 4210
779 4211
780 4212
781 4213
782 4214
783 4215
784 4216
785 4217
786 4218
787 4219
788 4220
789 4221
790 4222
791 4223
792 4192
793 4193
794 4194
795 4195
796 4196
797 4197
798 4198
799 4199
800 4200
801 4201
802 4202
803 4203
804 4204
805 4205
806 4206
807 4207
808 4176
809 4177
810 4178
811 4179
812 4180
813 4181
814 4182
815 4183
816 4184
817 4185
818 4186
819 4187
820 4188
821 4189
822 4190
823 4191
824 4160
825 4161
826 4162
827 4163
828 4164
829 4165
830 4166
831 4167
832 4168
833 4169
834 4170
835 4171
836 4172
837 4173
838 4174
839 4175
840 4144
841 4145
842 4146
843 4147
844 4148
845 4149
846 4150
847 4151
848 4152
849 4153
850 4154
851 4155
852 4156
853 4157
854 4158
855 4159
856 4128
857 4129
858 4130
859 4131
860 4132
861 4133
862 4134
863 4135
864 4136
865 4137
866 4138
867 4139
868 4140
869 4141
870 4142
871 4143
872 4112
873 4113
874 4114
875 4115
876 4116
877 4117
878 4118
879 4119
880 4120
881 4121
882 4122
883 4123
884 4124
885 4125
886 4126
887 4127
888 4096
889 4097
890 4098
891 4099
892 4100
893 4101
894 4102
895 4103
896 4104
897 4105
898 4106
899 4107
900 4108
901 4109
902 4110
903 4111
904 4080
905 4081
906 4082
907 4083
908 4084
909 4085
910 4086
911 4087
912 4088
913 4089
914 4090
915 4091
916 4092
917 4093
918 4094
919 4095
920 4064
921 4065
922 4066
923 4067
924 4068
925 4069
926 4070
927 4071
928 4072
929 4073
930 4074
931 4075
932 4076
933 4077
934 4078
935 4079
936 4048
937 4049
938 4050
939 4051
940 4052
941 4053
942 4054
943 4055
944 4056
945 4057
946 4058
947 4059
948 4060
949 4061
950 4062
951 4063
952 4032
953 4033
954 4034
955 4035
956 4036
957 4037
958 4038
959 4039
960 4040
961 4041
962 4042
963 4043
964 4044
965 4045
966 4046
967 4047
968 4016
969 4017
970 4018
971 4019
972 4020
973 4021
974 4022
975 4023
976 4024
977 4025
978 4026
979 4027
980 4028
981 4029
982 4030
983 4031
984 4000
985 4001
986 4002
987 4003
988 4004
989 4005
990 4006
991 4007
992 4008
993 4009
994 4010
995 4011
996 4012
997 4013
998 4014
999 4015
