42
105
3981
646
3568
2597
1626
2723
591
3482
1036
4789
1015
653
3714
2107
3481
2025
4626
870
3934
1825
1305
2993
1192
1327
1703
4814
4846
3101
4322
479
759
2286
2559
13
3233
4662
4451
4036
481
4565
2875
249
3782
2840
3595
3938
137
1796
1361
2755
2855
1562
3911
541
4859
1077
1806
2549
4676
2410
2943
3085
3207
570
751
606
232
1786
986
2426
584
2026
1293
4295
3918
1994
2359
436
3177
2924
4380
3520
977
4863
1078
276
4525
855
2260
1409
1888
4384
4890
2610
2900
4333
3508
1032
2415
1472
3451
4528
3582
4211
337
3376
1944
124
4062
1631
4506
3961
4138
4149
2862
4213
4096
2881
4873
3354
718
2483
3906
1412
2275
3254
1956
200
401
1371
2821
4400
1007
424
3701
1400
3408
1193
2724
2816
76
1519
4195
2496
1298
3191
1055
878
1224
492
4767
3829
4378
4991
1505
2997
3839
4516
3094
1459
2658
3751
2406
1042
4856
2390
2452
4541
601
332
1990
4724
2318
922
3922
223
468
2697
1146
1913
4836
1776
2162
4468
3029
4160
3965
3953
1564
643
1936
550
1811
406
2015
3486
4168
2664
4844
1709
3344
3178
4449
4040
433
3420
2405
4756
4759
668
3500
2361
4453
2324
2972
2307
159
690
4908
2598
2070
3841
3769
2049
1353
4372
4328
2990
4693
1314
1100
4155
2018
2468
342
681
2794
3661
3715
2067
2913
2812
2253
3588
3924
2122
2281
1698
3394
1139
1333
3884
4396
3853
2272
3594
1902
4967
4637
449
4186
3612
236
2651
4281
3621
1109
1009
4123
2680
4895
918
1755
1197
4640
290
3359
2694
38
2966
311
3088
2502
1549
766
2032
2363
1940
3672
2126
210
4812
1600
4420
355
3869
4473
4631
1358
101
4709
786
3327
4770
352
388
3575
165
2143
2883
3744
839
3533
3896
4932
836
4464
3251
1841
2815
830
4271
4650
3262
3859
4230
693
696
1215
4738
844
1964
948
1245
1741
4335
3879
4983
4643
2215
735
1778
3996
2594
2703
1748
107
418
2756
4922
3623
2135
4567
1523
3218
2851
1124
3570
3998
1291
3282
3824
2327
1137
2787
4132
2843
860
2475
3419
1345
2709
4302
1567
387
1525
2066
3706
298
568
2313
2524
1057
811
1313
3798
883
4990
4117
3049
3564
2430
959
1299
1943
1893
77
3470
4680
1927
4293
3813
2914
121
2891
3720
4367
1558
1473
2810
274
283
525
2904
2206
2029
4556
3417
3127
3091
2790
4180
935
3189
4359
1862
3674
3315
4452
218
2315
491
4489
4808
4090
605
2243
2091
1713
2926
3787
965
533
3182
2959
4424
3411
4057
3679
4497
4656
448
2540
1262
4800
1653
3216
1577
2175
100
3375
4446
2585
3497
1419
624
2351
2134
3619
2320
456
166
1823
2146
3148
4443
3374
1241
2292
3190
4061
1248
4673
1780
2865
782
1218
1296
4078
4409
427
4687
2085
2600
4023
4028
269
2231
4462
2217
4500
557
3819
2443
2339
4976
3823
3734
3752
2674
1130
2068
3718
3086
4065
4154
1263
1727
4919
4309
2557
2693
1983
2899
3271
588
3925
823
2473
3044
383
1840
3290
4164
181
1723
4385
956
799
4074
2733
2796
45
702
2864
1920
3650
2076
600
1878
3840
2539
1001
2238
2660
4655
1079
788
4962
2072
4832
3116
287
377
1133
1444
2771
4953
2027
2604
1276
1707
92
2730
4004
3945
1346
1951
2233
3063
1159
1669
1978
2251
3817
2982
582
3630
4791
4686
1113
3562
2731
3709
890
4698
4915
1261
4235
3794
3988
376
1084
1533
3852
1233
2471
3640
2734
627
4972
4492
1895
4684
1846
4266
3325
1417
1379
1996
3990
1807
3768
1516
3809
1695
1240
2011
4128
4726
4183
4936
245
2338
2476
4158
4548
4275
524
1638
609
1949
3580
4239
330
3032
413
1498
2016
3975
2352
2077
526
1372
1080
2325
4574
4604
4579
3437
1499
275
1801
1839
2040
2617
664
2197
3211
4320
785
4401
4696
2038
512
4901
327
1301
1722
1316
837
4685
1348
536
4207
2699
1134
3289
3932
4109
188
2239
4002
33
4064
1595
2571
3882
1795
2467
1347
923
1551
4122
1051
3458
3165
875
246
2138
1047
1646
514
3651
3880
4956
2859
3353
3894
3933
1559
3537
1544
3543
3229
1520
3239
3538
3210
3532
1355
3167
1535
3232
1581
1521
3536
1588
3237
1339
1522
1593
3170
3544
3169
1594
3202
1227
3198
3194
3222
3221
1349
3241
1554
1236
1553
1552
3179
3219
1550
3201
3549
3542
3217
3203
1351
3223
3192
3550
3224
1578
1546
3554
1547
1354
1526
3553
1342
1232
3539
1560
1528
1530
3401
1230
1229
3551
3545
1391
3242
1292
3326
3385
3472
3468
1431
3329
3330
3466
3425
3383
1427
1377
3464
3463
3332
1424
3381
3324
1434
1467
1435
3309
1465
3485
1462
1282
1453
1283
1286
1449
1445
3388
1289
1331
1440
1438
1437
3477
3337
3339
3459
3340
3428
1320
1405
1401
3436
3363
3364
3365
3434
3432
3367
3368
1328
1398
1389
1397
1395
3440
1406
3441
3450
3343
1329
1309
3345
1415
3347
3348
3349
3442
1413
1596
3448
3445
3443
3356
1385
1368
1469
3243
1504
1254
1502
1256
3260
1259
3261
1338
1260
3511
3263
1500
3265
3509
1496
1495
1494
3418
1253
1251
3305
1249
3398
1517
1242
1243
1515
3248
1514
1508
1507
3415
1244
3255
3396
3256
3527
3524
3523
3505
3272
1363
1492
1478
1272
1477
3297
1337
3423
3496
1273
3299
3300
1274
3490
1471
1278
1281
1470
3487
3293
3292
1480
1488
1491
3275
3276
1490
1489
3279
1266
1487
1481
1483
3284
3285
3286
1364
1270
1482
3503
1819
1597
2628
2612
2131
2130
2616
2129
2619
2128
2621
2622
2623
2625
2127
2630
2609
2125
2123
2633
2634
2117
2115
2639
2110
2642
2099
2098
2092
2611
2136
2652
2578
2173
2563
2170
2565
2168
2568
2166
2570
2165
2575
