3780
3866
4755
2792
3375
2031
2084
4354
4109
4551
3335
3509
4093
3383
3283
2268
4304
1361
2735
4273
1076
3458
207
4683
3789
2386
4762
2949
4908
4749
1020
1092
1490
1137
3001
3432
1622
1614
604
3392
2424
318
3444
4480
1745
987
232
4775
3939
3483
3902
681
2368
4479
1079
3020
163
1547
749
2091
1947
4430
4598
4592
4470
3933
3009
1830
3147
1554
3998
3070
3447
3954
3953
861
4214
1668
46
4586
1826
2328
4345
2271
1888
2908
1722
1127
1718
4766
4923
2824
1890
2496
4514
1561
2009
3331
3080
1938
2628
527
2997
3871
1899
4297
4501
593
4314
405
1731
4236
1053
1368
3312
4920
2985
2995
3439
2431
3858
379
791
530
254
3000
452
1689
1043
3521
485
4745
1469
3115
3777
574
673
4395
1100
1591
620
1756
683
790
1610
2222
4798
489
202
1868
1497
281
4654
1984
3859
2707
2489
4510
4287
4568
4184
3825
4671
283
4619
1977
2410
872
372
3535
2288
1288
1247
3870
1930
1170
98
2116
2993
2749
4948
4072
1585
2302
4776
4754
3543
3778
2783
68
4859
3445
2689
1003
1711
2279
4008
2617
2803
1548
1588
2396
4882
3964
3451
1709
1611
4353
512
4929
2822
2243
2062
1008
1457
391
4797
4088
4068
3250
186
3423
3363
2827
3965
961
2660
3114
4123
2886
1525
2292
129
3166
2587
901
4720
3879
3449
2657
4831
2221
1007
3219
3053
1167
2383
4723
581
4519
3343
451
3544
864
3806
3654
3513
3898
1732
3017
693
3347
618
1969
3083
1667
4922
2556
3703
1408
419
3288
4235
2235
239
4429
879
671
3338
251
2483
490
3163
1841
333
2301
4727
1165
2816
652
554
2755
3583
4715
3428
4113
1996
474
2902
2635
1177
1866
4221
1057
1289
3672
4446
3555
2419
3832
2480
1529
4674
2912
770
836
1491
3440
1216
4344
2218
3282
3774
4187
2620
3704
4156
3794
584
3873
2270
4159
2106
510
3430
1256
854
1041
1883
4878
3188
4826
4425
3321
3594
258
1559
60
43
4502
4982
920
558
1278
1742
2042
3909
3297
897
1060
278
3880
2399
4854
1894
2901
2129
3726
998
2704
3333
1149
3701
3384
2576
3305
726
3675
4538
1299
1721
4509
4445
3554
4290
4427
4064
253
3497
1734
3526
1586
3947
4550
1338
1460
420
531
1777
3912
868
1045
4338
1612
4423
3989
3818
2557
973
96
953
1805
2186
2026
1385
747
2885
4545
3514
80
4536
772
1435
4869
2233
4713
1428
84
1300
696
1239
2362
3656
3398
3116
384
70
364
2283
4335
3608
2612
2447
2925
4627
3052
965
2798
142
3831
2267
1439
2155
1374
280
2702
2108
2621
4340
1936
3689
4829
2656
2313
4883
3593
1091
477
1565
3330
2567
555
1790
824
3579
3865
4078
2063
4801
3586
4523
1309
1651
2975
296
1306
4542
1184
4192
1164
1298
2018
4802
1698
3272
3734
3585
640
2493
1013
2008
600
2456
2983
3015
2622
22
1390
996
4781
4411
2360
4009
4737
3038
4267
108
976
1356
1952
479
4566
3159
3063
492
1314
82
1897
2796
4605
2001
1862
143
3489
3468
3226
2953
1196
4837
428
3050
676
524
4262
1334
2441
2509
2899
4255
1907
432
900
2342
1753
1315
664
2484
2133
3537
4457
980
2442
4210
2618
4271
1093
2096
2903
109
1638
1391
62
3418
4337
1462
1971
295
4780
2331
1376
4707
3141
4040
1482
2029
3139
3872
2125
1276
3951
4687
1358
1838
3004
2344
985
4349
2378
2465
4230
2363
4018
87
1749
3279
2005
3133
1195
231
113
4676
3784
2241
812
3026
938
3047
2750
2369
23
1700
2909
4895
4261
1282
3072
1550
3098
4352
1099
4552
2681
2143
1487
3836
1754
4372
4394
3724
3112
763
4936
3571
4377
3481
3412
1761
4129
4919
2087
2581
4601
3262
415
3294
1948
3833
550
36
2333
103
1240
781
1446
4472
1744
1285
1995
4194
4174
4880
4341
2454
4977
1822
1604
3633
2263
4810
1507
2814
4899
4848
4889
3170
1410
2251
1476
3683
2577
1025
2775
937
1081
1543
4306
3193
2870
2455
561
4201
647
3372
1896
1143
1884
3336
2642
2020
2438
3033
4039
1534
686
3381
2338
4420
1304
236
366
3885
2130
309
2790
212
4616
1283
3368
149
4604
4539
1197
2043
1676
3856
2604
3191
1632
1171
795
4136
1210
2933
3793
4263
4476
2202
3108
1212
1118
3128
4799
4608
1541
750
721
1764
3827
621
507
1576
1438
246
3060
3088
2
4143
4666
3231
4131
2732
1331
4822
1512
2629
3597
1873
160
677
1692
2907
2835
1966
4032
630
1458
1544
1102
1260
493
1620
1723
1188
1322
421
1316
3120
993
3367
642
467
147
1101
3573
3663
4034
4299
4075
3045
1474
2216
591
2045
291
1493
614
1055
2843
3459
1539
404
708
226
3078
382
2041
4888
3783
3243
3023
3470
2524
71
4487
423
1994
3201
3925
4027
1114
4716
922
141
4228
875
354
2021
3813
4726
2321
1028
1498
154
1570
326
3575
3055
4663
1573
2013
3801
1736
4165
576
4856
4403
4535
4329
2821
894
4226
4710
4259
4433
4620
3736
1776
4035
79
4884
3452
1180
3301
4760
4320
2394
2111
4530
2285
2137
3317
4002
3442
694
2370
988
3883
4492
2485
3510
687
3027
3963
1233
3561
1425
852
1034
3121
3164
2189
2089
1582
2634
3655
4865
4116
4969
2734
1379
725
3785
2498
3450
4804
66
179
4942
1375
1453
4207
2187
4863
1615
1382
2393
4050
1524
1679
3407
4168
3360
871
1664
2415
844
211
1344
4309
170
358
1682
2791
3492
1245
1878
3472
1812
2662
2757
1265
653
4851
3810
3467
4148
3693
1825
3888
263
2256
4444
3251
2135
3588
1811
1655
4691
544
641
3868
4648
2560
2541
2726
319
3977
2161
4233
304
2764
1499
2529
3997
2905
11
975
4912
3942
3607
