4941
3003
2984
3052
2279
289
319
2095
2396
3832
1386
4306
1199
3879
861
527
535
3432
1724
824
1888
4050
4289
1446
1439
630
271
313
275
4993
273
3032
2103
2287
1407
836
1349
3320
4652
1008
3704
3906
1289
4568
4510
3573
1331
1790
4883
1873
662
3327
4882
1742
4899
2618
2755
84
4443
2635
4331
3859
2233
4120
4920
2886
2267
2177
467
4651
4586
4381
4088
4720
3099
683
2129
2116
2723
1947
1573
2283
4159
4230
2285
4996
2821
4113
1638
1585
3303
1879
581
3126
3985
748
1315
3505
3489
1116
4535
2721
4446
4359
4342
3813
4265
256
2732
2731
2738
4231
135
4409
3766
1132
4507
4970
4447
4414
913
3652
3650
3880
988
964
3598
3593
1163
1285
1276
1272
1248
1196
1048
1072
1131
3407
4863
812
801
789
797
3915
3964
1754
1482
1444
3499
1545
1569
1372
1371
827
2794
4654
99
115
2537
4146
4121
4207
4220
4135
2843
2401
4631
4620
2468
57
4986
2565
3176
3152
4029
4043
3146
3055
3050
2220
2241
2207
2089
3085
3088
1979
1933
3164
724
669
676
677
686
1764
700
719
721
1809
1812
3345
1615
2569
2291
2281
2939
2902
4726
4933
336
387
385
381
367
483
4727
2194
2816
2338
2204
1576
1838
2462
2471
4124
694
1992
2047
4086
4097
632
4707
3027
470
554
1786
955
854
171
2737
4233
231
953
3616
3689
4893
1338
1746
188
142
1152
248
1194
1212
3603
1097
1114
1069
2704
3767
2702
1410
3456
3920
3947
800
59
4226
2797
4676
2965
2944
3191
2261
2394
2369
2383
1385
1512
1314
815
1749
934
3836
3234
3240
1690
3367
1860
4757
1962
1899
567
1791
2009
4032
2121
601
2598
2444
2316
330
426
445
2164
2518
2735
4430
4354
3866
1020
1288
3780
3789
3509
1361
3447
4068
3347
4755
4109
3250
2084
4674
2268
2983
2822
2656
281
2792
81
2608
2132
2109
2101
1996
1829
1908
1985
3153
2911
2870
2135
2391
325
298
679
777
4896
625
419
1021
3808
1192
3472
1447
1496
4785
1598
1674
4557
3362
224
368
4938
4928
2957
3022
1060
3544
3551
3517
1927
2485
1612
3698
113
104
2790
2857
2961
2901
2600
4640
4153
255
3831
852
940
660
743
631
3865
3951
1517
3361
3330
1589
3174
2087
4419
4958
2652
2566
3156
1782
2126
3117
97
4953
764
707
4353
3989
3921
901
2239
2390
2260
2499
1898
3450
4534
1414
3423
4663
2933
2628
1952
3113
790
900
4076
487
4809
4372
82
2056
3065
2371
4592
3081
1877
1865
2034
3231
3205
3165
3077
2107
3072
2905
2907
2910
2903
2147
2541
2750
4395
4374
4367
4454
126
76
75
119
2722
2706
2671
4423
4399
4404
4604
2835
2900
2529
2493
2498
2486
2895
2421
2466
2780
1299
4792
1571
1537
3438
1548
4567
4842
978
975
1045
3671
1075
3679
3724
3637
3625
3590
1184
1260
1244
1282
1013
3543
4554
1736
1704
3284
3251
3249
3352
1450
3514
4858
710
3903
993
3937
4502
292
4948
428
4042
3996
4898
4013
621
4457
4248
178
147
192
4926
4156
327
245
236
225
4253
4283
4309
4317
4279
4319
4335
4347
4434
12
4974
30
25
88
4179
4145
4147
540
507
1207
871
382
4786
440
4585
2994
2658
1649
2171
3682
2405
293
3192
4340
1400
1012
58
1304
4877
2406
4073
3701
2590
3451
3521
550
2020
4470
664
2031
1611
207
883
1756
4551
1170
4749
3483
1872
1868
492
2620
3825
4519
1457
2271
2211
3312
3672
3198
4429
1320
3954
3526
1777
96
2997
1053
2985
3000
2456
3178
3743
2470
3166
2431
1493
4273
4163
2916
4775
4766
1606
2865
3977
3935
4949
2484
283
1384
4807
1419
4801
2447
4854
1041
1415
94
2960
60
3902
963
3279
2161
1544
391
1980
3402
3092
3403
1753
2039
3429
1974
4484
1632
2026
712
2331
208
1488
1278
3656
2043
1506
2091
2273
1345
903
1797
4373
4126
3579
4990
2783
1187
587
2765
3857
3026
561
1718
1149
4369
1667
1703
1692
4131
3078
1983
2725
3618
3037
3778
1120
1092
4666
3141
2423
2385
246
4349
2412
3194
1435
1426
1102
89
807
1391
4039
2826
3856
1565
2174
4264
1197
1745
3864
1874
1925
3468
3426
1591
4781
420
1539
687
3355
844
3282
4814
850
2337
1247
2641
3116
2378
3581
3530
2855
3343
4929
4876
3322
1584
4472
879
1878
452
1896
2488
4688
3712
4438
3602
3871
2022
1894
596
3013
1796
1484
4923
3184
986
3794
4118
614
548
4259
393
1229
2619
3122
434
781
2438
56
87
243
3159
3761
3736
4940
4315
1949
2023
4553
379
4357
3686
2257
2692
1901
4889
1200
3054
4967
1816
3016
3513
73
1011
1623
3620
1906
1787
4149
606
4185
4771
3503
588
61
1844
3484
3368
3819
2494
1313
221
3878
2748
1178
2834
1099
3839
2595
4830
4046
3236
2275
2270
746
3214
4691
3720
3209
785
2381
4305
3670
3292
1477
741
3393
1428
2328
4235
549
4123
4895
1890
3063
149
2788
1529
2029
882
2712
4856
1216
109
1165
4818
1279
176
4034
184
1958
1593
4487
1582
1744
309
3354
3222
4257
1425
80
4619
2908
2993
1286
1057
4445
3219
4683
1408
3356
4320
3445
3524
4745
432
1577
667
2014
1984
4915
3412
1977
4214
485
490
1938
4751
3583
4197
524
4501
2928
604
584
4539
555
3953
1025
4617
23
4611
4425
4420
1903
1700
1698
3444
3492
1755
4542
4168
4495
618
4143
1722
4139
1709
3588
3481
1476
1497
734
1369
1375
270
278
4297
3201
2452
4802
2298
4072
331
2334
4797
726
1543
1559
3331
2155
2167
685
696
693
4475
4102
3288
2221
2222
2235
2244
2617
2556
2604
4452
4371
1218
4018
2567
1246
1233
3833
4350
3112
3139
4345
3777
132
2995
