1176
3146
3000
4342
4121
2985
405
3995
1689
208
1102
1692
4008
3166
3650
1549
1132
3846
4640
986
3312
2385
1003
2401
2394
3951
2634
431
4146
3080
1933
2431
1100
4652
2444
3535
2619
4648
1711
4226
4755
4548
2495
4519
1756
3744
1048
1170
4276
4766
2824
1561
4531
2792
488
1874
4969
3070
1349
677
3439
3272
3303
234
2089
2439
721
3407
419
3962
3322
2424
2421
3429
3953
104
133
3447
3259
3448
2488
2034
4785
4032
1797
631
3249
3315
4042
1047
3347
3977
3456
679
487
2056
3351
2496
1229
2471
113
114
4744
1226
4726
4723
3393
1591
97
3293
660
659
102
384
235
2084
93
2087
685
415
3292
4666
1614
2147
1718
473
1139
3679
548
2270
1712
2271
4596
1615
2285
556
561
2292
563
3856
2298
3626
1721
1758
4514
2165
3789
4540
3802
3774
3768
485
2195
3759
3813
4523
2204
507
2220
2222
3825
1152
527
4608
1764
3616
4479
3909
1782
4472
3514
1638
4076
2374
3502
2116
2115
4674
3489
3483
620
3472
3941
2396
602
4651
2301
4480
2302
4617
3603
3590
3588
1361
163
1116
2328
3872
1114
2135
1663
593
1375
1655
2360
4790
3538
3234
313
988
3022
4904
3019
318
1938
2667
4345
3003
4863
1930
33
4207
30
4926
2980
4928
309
41
2662
42
4896
3088
335
4144
1426
1306
2648
4153
3055
3054
331
4359
3048
4357
3041
4168
3037
1841
2689
4335
1490
2865
2859
1899
4259
1868
4265
2843
1891
4981
939
1890
2836
2
2825
4277
2813
2790
2803
1900
1901
2692
1903
864
4941
868
2721
2722
1283
1484
1285
2908
2731
2900
2732
2735
4958
2738
271
957
4371
2494
1246
4809
2604
1541
3209
4842
359
2574
4807
1016
4118
4837
3147
1985
3159
2559
1014
3164
76
2001
1247
1996
1992
1818
4102
246
3176
72
4395
73
1812
1417
785
3221
4129
1013
2620
1977
4131
2541
1830
2618
4135
3229
2546
4373
1309
4078
3794
1916
2003
1182
1877
1908
387
4034
3844
385
470
467
289
2042
2022
4236
2155
4235
1879
4070
4233
4082
3839
3808
298
4088
1894
2171
4039
3818
483
1896
1238
4043
1185
382
364
484
1187
2005
2164
3810
1288
2161
3836
4246
296
3837
379
4243
2091
3866
4221
4220
2104
2107
2108
2109
1948
1947
1225
3917
3985
4073
320
3912
4120
4185
347
327
1983
3937
4143
3958
1218
336
3954
339
3952
1971
4123
1216
426
1970
2098
1966
4124
443
2121
3903
4214
4210
1279
3870
2047
1994
1973
4021
3878
1197
4104
1280
3859
3858
308
2138
3879
2070
2063
1984
315
1278
3902
3996
2796
1233
455
2125
1986
449
2133
3883
311
442
1457
3790
2629
2609
3128
2612
3126
3120
3114
789
791
1010
1009
2628
797
3092
2600
3089
2631
803
3078
3076
807
3068
3063
3057
812
3052
2651
3138
2598
3784
749
1043
2529
3241
3240
2534
3231
3222
2549
2554
3210
747
748
750
2595
3191
2565
3184
2569
2570
2576
3171
2577
1021
3165
2581
3156
815
2654
995
2857
2905
2902
2737
2886
889
956
955
891
2748
2749
2866
900
2855
2656
2852
2764
2848
940
2842
2837
914
2781
2783
920
932
2798
2725
2921
2723
963
3038
824
827
3027
3018
3015
3013
3012
987
3009
3004
3001
2997
839
844
2983
2982
2685
975
2691
2965
2961
2957
2707
2712
2521
2519
719
3581
2279
3652
1131
1128
3625
567
3620
3615
574
2322
3586
2329
2334
3526
3576
3567
587
2344
1108
3554
592
3546
3543
4298
601
3530
1135
2273
2267
2257
489
3776
2189
2192
3765
2194
3762
2201
2202
2203
1165
3736
2233
3720
3719
2239
2241
1151
530
3706
3703
532
2243
535
2256
2362
604
1046
3331
2466
673
2468
674
3362
2469
3355
3352
3345
3343
3333
681
683
606
687
690
694
696
2486
2487
2489
1056
2493
1053
2503
2509
658
1068
3392
2442
2368
3517
2369
3503
3499
614
616
617
3492
1092
3479
2389
2391
2402
630
3458
3451
632
3444
3441
2412
3428
2428
1076
3414
4297
3898
2797
4423
81
1796
1414
4806
4428
75
1801
232
4419
1554
4418
4821
4822
1550
4798
1345
1539
4780
4771
1791
1573
4447
4775
4776
4443
4434
87
1794
4439
4438
1410
84
65
4846
4912
251
1525
1820
4880
4883
1826
46
4381
1529
1518
255
4898
4370
4367
4365
1425
1532
1537
1315
61
1419
4851
60
239
4853
1809
4864
4858
4404
4403
4859
243
56
94
96
4760
4530
1745
4620
1746
1360
1365
1368
1668
1681
1749
196
1754
1372
202
147
4538
1685
225
4598
1342
1722
186
4589
4592
1734
1341
1690
4554
4552
4549
192
4601
1743
4511
1383
4663
4465
1593
4475
4720
4721
4470
4727
4737
1640
1582
106
4743
1786
1580
4750
1402
4715
1777
1598
4487
1610
4693
4688
1626
1386
4501
4676
4671
1760
1384
206
4507
4910
178
1446
1497
1439
4306
1298
4972
4309
1458
4349
4986
9
1496
4920
279
4319
1304
4350
281
1447
12
4
1469
4354
1461
1477
1474
4317
264
4997
280
4360
261
1844
1862
1300
4963
4990
4304
2757
142
3484
143
3481
2755
621
1623
2390
3487
2671
1093
1385
4654
1649
149
3527
4984
3521
1462
1463
4978
2371
2372
943
144
904
3505
4669
1622
4976
1452
950
1632
4673
2381
4683
1606
4685
642
1075
4713
4714
2876
2447
652
953
4718
2452
2453
2454
3383
3381
2462
2465
671
1450
3367
1589
115
3361
3411
126
3465
4967
4970
4691
4692
2750
3449
897
2410
3440
131
3438
2416
1604
129
3426
2423
4707
1081
3422
1079
1400
3418
3534
3555
153
3537
4995
550
926
2275
1709
4994
3656
3655
1706
1704
1703
2282
2283
2791
4993
4992
171
2287
557
558
560
3637
1130
1713
4586
3671
1146
